s0195.png 491.0,20.0,498.0,33.0,0
s0240.png 82.0,134.0,113.0,159.0,0
s0569.png 325.0,277.0,337.0,297.0,0
s0535.png 280.0,343.0,322.0,399.0,0
s0058.png 12.0,418.0,23.0,440.0,0
s0313.png 284.0,445.0,294.0,454.0,0
s0167.png 369.0,445.0,381.0,456.0,0
s0997.png 178.0,397.0,198.0,429.0,0
s0203.png 133.0,202.0,145.0,217.0,0
s0659.png 370.0,181.0,403.0,202.0,0
s0323.png 356.0,238.0,386.0,270.0,0
s0983.png 53.0,223.0,75.0,242.0,0
s0622.png 310.0,254.0,369.0,305.0,0
s0226.png 484.0,59.0,499.0,70.0,0
s0215.png 331.0,35.0,340.0,46.0,0
s0938.png 69.0,94.0,86.0,115.0,0
s0291.png 119.0,442.0,143.0,459.0,0
s0152.png 393.0,305.0,410.0,322.0,0
s0290.png 377.0,323.0,422.0,380.0,0
s0338.png 234.0,92.0,269.0,109.0,0
s0824.png 154.0,184.0,167.0,218.0,0
s0222.png 3.0,164.0,17.0,178.0,0
s0361.png 136.0,465.0,160.0,489.0,0
s0646.png 283.0,273.0,292.0,285.0,0
s0362.png 122.0,468.0,159.0,492.0,0
s1012.png 379.0,148.0,398.0,171.0,0
s0324.png 440.0,395.0,455.0,409.0,0
s1006.png 353.0,419.0,369.0,434.0,0
s0920.png 258.0,181.0,278.0,196.0,0
s0856.png 470.0,224.0,492.0,240.0,0
s0190.png 468.0,169.0,480.0,186.0,0
s0878.png 67.0,405.0,90.0,420.0,0
s0629.png 315.0,101.0,375.0,132.0,0
s0576.png 256.0,274.0,277.0,298.0,0
s0264.png 3.0,4.0,21.0,26.0,0
s0316.png 278.0,255.0,287.0,264.0,0
s0304.png 232.0,341.0,278.0,399.0,0
s0776.png 245.0,299.0,260.0,329.0,0
s0128.png 18.0,29.0,24.0,38.0,0
s0876.png 233.0,80.0,252.0,124.0,0
s0063.png 17.0,461.0,26.0,480.0,0
s0961.png 243.0,318.0,284.0,338.0,0
s0719.png 296.0,132.0,328.0,163.0,0
s0929.png 291.0,467.0,324.0,487.0,0
s0978.png 403.0,272.0,419.0,288.0,0
s0798.png 381.0,222.0,399.0,236.0,0
s0227.png 355.0,87.0,367.0,101.0,0
s0335.png 169.0,83.0,232.0,119.0,0
s0251.png 429.0,400.0,442.0,414.0,0
s0725.png 434.0,469.0,457.0,497.0,0
s0988.png 69.0,372.0,101.0,430.0,0
s0359.png 24.0,102.0,37.0,117.0,0
s0244.png 339.0,4.0,350.0,22.0,0
s0881.png 412.0,387.0,436.0,403.0,0
s0713.png 298.0,401.0,313.0,416.0,0
s0816.png 380.0,273.0,397.0,303.0,0
s0403.png 126.0,49.0,136.0,62.0,0
s0439.png 379.0,245.0,390.0,268.0,0
s0411.png 141.0,163.0,152.0,190.0,0
s0117.png 112.0,1.0,119.0,8.0,0
s0644.png 397.0,73.0,417.0,86.0,0
s0951.png 246.0,294.0,263.0,307.0,0
s0022.png 240.0,125.0,263.0,146.0,0
s0143.png 171.0,425.0,181.0,437.0,0
s0557.png 314.0,206.0,340.0,228.0,0
s0873.png 333.0,231.0,350.0,248.0,0
s1023.png 366.0,220.0,382.0,228.0,0
s0194.png 8.0,84.0,16.0,95.0,0
s0219.png 459.0,458.0,485.0,484.0,0
s0456.png 460.0,20.0,472.0,35.0,0
s0528.png 225.0,332.0,247.0,346.0,0
s0975.png 327.0,206.0,335.0,214.0,0
s0984.png 339.0,430.0,371.0,449.0,0
s0197.png 435.0,164.0,446.0,172.0,0
s0755.png 170.0,475.0,187.0,488.0,0
s0911.png 287.0,248.0,303.0,268.0,0
s0958.png 303.0,322.0,326.0,342.0,0
s0001.png 349.0,374.0,376.0,407.0,0
s0266.png 165.0,133.0,174.0,150.0,0
s0895.png 225.0,290.0,240.0,301.0,0
s0392.png 461.0,13.0,477.0,32.0,0
s0970.png 243.0,223.0,267.0,250.0,0
s0422.png 20.0,152.0,61.0,193.0,0
s0448.png 271.0,436.0,291.0,452.0,0
s0354.png 16.0,415.0,46.0,439.0,0
s0642.png 318.0,273.0,356.0,300.0,0
s0744.png 134.0,311.0,149.0,340.0,0
s0705.png 405.0,237.0,420.0,248.0,0
s0671.png 167.0,223.0,182.0,249.0,0
s0540.png 84.0,187.0,129.0,229.0,0
s0968.png 315.0,267.0,332.0,294.0,0
s0034.png 232.0,19.0,246.0,46.0,0
s0113.png 16.0,75.0,23.0,84.0,0
s0941.png 242.0,247.0,258.0,264.0,0
s1007.png 267.0,430.0,299.0,448.0,0
s0554.png 284.0,137.0,336.0,170.0,0
s0925.png 40.0,440.0,83.0,463.0,0
s0478.png 298.0,45.0,321.0,70.0,0
s0914.png 57.0,235.0,79.0,261.0,0
s0043.png 437.0,25.0,465.0,59.0,0
s0434.png 76.0,185.0,96.0,272.0,0
s0680.png 232.0,368.0,243.0,381.0,0
s0483.png 316.0,238.0,325.0,245.0,0
s0802.png 107.0,274.0,119.0,292.0,0
s0156.png 476.0,31.0,484.0,46.0,0
s0481.png 298.0,373.0,318.0,391.0,0
s0907.png 444.0,185.0,459.0,201.0,0
s0957.png 456.0,237.0,480.0,266.0,0
s0462.png 394.0,394.0,442.0,465.0,0
s0423.png 444.0,76.0,460.0,98.0,0
s0277.png 318.0,462.0,345.0,502.0,0
s0993.png 439.0,442.0,466.0,484.0,0
s0310.png 72.0,378.0,89.0,421.0,0
s0838.png 353.0,403.0,372.0,416.0,0
s0724.png 382.0,425.0,407.0,454.0,0
s0103.png 177.0,243.0,187.0,263.0,0
s0129.png 186.0,63.0,194.0,73.0,0
s0080.png 59.0,71.0,75.0,92.0,0
s0543.png 443.0,170.0,460.0,197.0,0
s0700.png 267.0,246.0,287.0,274.0,0
s0182.png 469.0,449.0,477.0,458.0,0
s0795.png 265.0,271.0,277.0,286.0,0
s0436.png 28.0,276.0,56.0,303.0,0
s1019.png 124.0,281.0,130.0,289.0,0
s0469.png 299.0,175.0,332.0,200.0,0
s0328.png 133.0,377.0,144.0,386.0,0
s0910.png 221.0,286.0,238.0,302.0,0
s0717.png 309.0,297.0,366.0,403.0,0
s0108.png 482.0,452.0,490.0,471.0,0
s0210.png 149.0,92.0,171.0,116.0,0
s0185.png 43.0,424.0,52.0,439.0,0
s0394.png 298.0,204.0,319.0,217.0,0
s0098.png 209.0,223.0,225.0,240.0,0
s0985.png 322.0,80.0,346.0,96.0,0
s0720.png 129.0,48.0,149.0,66.0,0
s0298.png 78.0,369.0,89.0,382.0,0
s0387.png 439.0,325.0,481.0,386.0,0
s0969.png 68.0,130.0,103.0,149.0,0
s0066.png 437.0,419.0,446.0,434.0,0
s0699.png 258.0,246.0,284.0,260.0,0
s0168.png 489.0,473.0,501.0,494.0,0
s0766.png 99.0,424.0,127.0,449.0,0
s0555.png 110.0,256.0,158.0,284.0,0
s0565.png 17.0,458.0,46.0,497.0,0
s0297.png 44.0,318.0,53.0,331.0,0
s0187.png 474.0,28.0,481.0,44.0,0
s0366.png 365.0,201.0,387.0,239.0,0
s0161.png 401.0,105.0,413.0,116.0,0
s0252.png 320.0,68.0,336.0,149.0,0
s0625.png 177.0,288.0,192.0,308.0,0
s0059.png 184.0,82.0,196.0,95.0,0
s0852.png 270.0,24.0,290.0,40.0,0
s0568.png 20.0,18.0,41.0,39.0,0
s1008.png 312.0,343.0,332.0,369.0,0
s0991.png 355.0,400.0,369.0,418.0,0
s0965.png 395.0,174.0,420.0,199.0,0
s0517.png 226.0,304.0,270.0,337.0,0
s1017.png 134.0,178.0,137.0,181.0,0
s0779.png 356.0,166.0,367.0,180.0,0
s0822.png 356.0,249.0,379.0,269.0,0
s0533.png 192.0,341.0,231.0,367.0,0
s0521.png 101.0,153.0,121.0,170.0,0
s0967.png 64.0,466.0,91.0,495.0,0
s0981.png 311.0,292.0,335.0,308.0,0
s0571.png 252.0,397.0,265.0,416.0,0
s0114.png 12.0,379.0,23.0,394.0,0
s0419.png 220.0,185.0,230.0,197.0,0
s0223.png 34.0,435.0,49.0,453.0,0
s0230.png 152.0,263.0,162.0,276.0,0
s0391.png 463.0,28.0,476.0,42.0,0
s0651.png 462.0,154.0,476.0,173.0,0
s0027.png 166.0,163.0,198.0,193.0,0
s0009.png 456.0,357.0,487.0,385.0,0
s0305.png 274.0,158.0,285.0,171.0,0
s0616.png 238.0,322.0,269.0,347.0,0
s0514.png 55.0,423.0,70.0,444.0,0
s1018.png 87.0,269.0,91.0,274.0,0
s0880.png 336.0,173.0,376.0,217.0,0
s0617.png 316.0,211.0,357.0,268.0,0
s0379.png 485.0,41.0,496.0,49.0,0
s0551.png 226.0,59.0,268.0,85.0,0
s0458.png 319.0,392.0,338.0,409.0,0
s0783.png 208.0,119.0,222.0,132.0,0
s0546.png 405.0,90.0,423.0,113.0,0
s0189.png 317.0,14.0,329.0,38.0,0
s0020.png 46.0,61.0,58.0,77.0,0
s0471.png 174.0,46.0,192.0,78.0,0
s0905.png 239.0,234.0,262.0,251.0,0
s0050.png 350.0,94.0,366.0,113.0,0
s0100.png 491.0,212.0,507.0,229.0,0
s0333.png 360.0,313.0,375.0,328.0,0
s0966.png 368.0,390.0,396.0,416.0,0
s0093.png 445.0,356.0,453.0,369.0,0
s0904.png 266.0,257.0,285.0,275.0,0
s0964.png 265.0,185.0,289.0,209.0,0
s0372.png 79.0,269.0,97.0,288.0,0
s0952.png 452.0,432.0,467.0,452.0,0
s0296.png 445.0,77.0,453.0,89.0,0
s0945.png 144.0,265.0,163.0,279.0,0
s0655.png 61.0,10.0,78.0,35.0,0
s0685.png 156.0,463.0,173.0,483.0,0
s0476.png 287.0,20.0,300.0,34.0,0
s0715.png 256.0,179.0,279.0,197.0,0
s0823.png 243.0,128.0,277.0,143.0,0
s0758.png 169.0,194.0,186.0,211.0,0
s0096.png 480.0,94.0,492.0,120.0,0
s0238.png 432.0,430.0,446.0,458.0,0
s0118.png 270.0,166.0,274.0,173.0,0
s0986.png 246.0,442.0,295.0,458.0,0
s0821.png 265.0,90.0,302.0,140.0,0
s0389.png 139.0,91.0,154.0,108.0,0
s0898.png 274.0,278.0,289.0,297.0,0
s0954.png 108.0,154.0,133.0,190.0,0
s0273.png 477.0,157.0,494.0,171.0,0
s0280.png 349.0,306.0,374.0,359.0,0
s1027.png 473.0,264.0,479.0,270.0,0
s0594.png 344.0,146.0,427.0,193.0,0
s0632.png 244.0,207.0,297.0,231.0,0
s0035.png 221.0,423.0,232.0,441.0,0
s0254.png 167.0,312.0,175.0,328.0,0
s0579.png 234.0,312.0,255.0,328.0,0
s0996.png 160.0,156.0,194.0,199.0,0
s0511.png 46.0,431.0,78.0,457.0,0
s0963.png 114.0,82.0,129.0,95.0,0
s0412.png 332.0,374.0,352.0,387.0,0
s0522.png 177.0,385.0,224.0,426.0,0
s0946.png 411.0,271.0,428.0,293.0,0
s0782.png 377.0,332.0,394.0,366.0,0
s0136.png 5.0,479.0,17.0,487.0,0
s0083.png 343.0,74.0,353.0,88.0,0
s0526.png 297.0,395.0,322.0,415.0,0
s0208.png 425.0,78.0,467.0,115.0,0
s0745.png 115.0,280.0,132.0,305.0,0
s0163.png 458.0,415.0,467.0,430.0,0
s0224.png 268.0,348.0,276.0,368.0,0
s0398.png 446.0,151.0,479.0,183.0,0
s0520.png 90.0,392.0,143.0,427.0,0
s0384.png 250.0,202.0,270.0,225.0,0
s0268.png 436.0,445.0,460.0,463.0,0
s0817.png 253.0,66.0,277.0,107.0,0
s0460.png 315.0,470.0,355.0,495.0,0
s0341.png 356.0,294.0,375.0,311.0,0
s0090.png 468.0,32.0,478.0,42.0,0
s0718.png 123.0,324.0,164.0,378.0,0
s0174.png 399.0,27.0,413.0,39.0,0
s0336.png 136.0,304.0,176.0,325.0,0
s0318.png 184.0,352.0,212.0,373.0,0
s0869.png 303.0,303.0,316.0,314.0,0
s0342.png 183.0,165.0,195.0,176.0,0
s0283.png 365.0,253.0,384.0,275.0,0
s0221.png 70.0,56.0,87.0,77.0,0
s0734.png 323.0,17.0,359.0,53.0,0
s0589.png 291.0,236.0,322.0,262.0,0
s0288.png 491.0,19.0,507.0,36.0,0
s0516.png 181.0,265.0,196.0,304.0,0
s0162.png 233.0,111.0,239.0,121.0,0
s0505.png 38.0,332.0,86.0,385.0,0
s0575.png 194.0,235.0,215.0,261.0,0
s0329.png 277.0,115.0,285.0,125.0,0
s0339.png 132.0,91.0,174.0,113.0,0
s0933.png 402.0,110.0,418.0,136.0,0
s0166.png 357.0,167.0,370.0,177.0,0
s0426.png 398.0,46.0,419.0,101.0,0
s0246.png 317.0,3.0,330.0,25.0,0
s0393.png 460.0,4.0,477.0,15.0,0
s0154.png 17.0,390.0,37.0,404.0,0
s0623.png 261.0,250.0,270.0,261.0,0
s0523.png 129.0,203.0,145.0,220.0,0
s0348.png 141.0,56.0,174.0,87.0,0
s0370.png 12.0,396.0,25.0,408.0,0
s0845.png 432.0,259.0,446.0,268.0,0
s0382.png 339.0,3.0,356.0,18.0,0
s0463.png 70.0,278.0,84.0,293.0,0
s0605.png 177.0,195.0,193.0,208.0,0
s0004.png 167.0,343.0,202.0,377.0,0
s0753.png 140.0,387.0,152.0,397.0,0
s0181.png 467.0,166.0,475.0,184.0,0
s0944.png 298.0,290.0,315.0,304.0,0
s0417.png 398.0,186.0,408.0,197.0,0
s0979.png 57.0,279.0,79.0,303.0,0
s0414.png 246.0,12.0,265.0,30.0,0
s0537.png 322.0,149.0,362.0,180.0,0
s0406.png 241.0,233.0,259.0,242.0,0
s0582.png 262.0,204.0,280.0,227.0,0
s0457.png 27.0,33.0,42.0,61.0,0
s0675.png 274.0,373.0,294.0,390.0,0
s0726.png 469.0,378.0,498.0,396.0,0
s0484.png 12.0,30.0,24.0,40.0,0
s0648.png 260.0,82.0,278.0,100.0,0
s0704.png 220.0,251.0,234.0,266.0,0
s0874.png 103.0,386.0,146.0,416.0,0
s0652.png 165.0,154.0,183.0,174.0,0
s0587.png 232.0,5.0,248.0,26.0,0
s0639.png 349.0,183.0,367.0,227.0,0
s0508.png 393.0,28.0,416.0,43.0,0
s0443.png 154.0,406.0,184.0,421.0,0
s0019.png 276.0,217.0,308.0,249.0,0
s0561.png 355.0,318.0,445.0,367.0,0
s0536.png 241.0,395.0,282.0,435.0,0
s0764.png 57.0,381.0,93.0,406.0,0
s0151.png 209.0,472.0,222.0,481.0,0
s0667.png 203.0,251.0,220.0,270.0,0
s0695.png 374.0,104.0,404.0,136.0,0
s0682.png 307.0,463.0,325.0,481.0,0
s0085.png 488.0,492.0,496.0,502.0,0
s0665.png 236.0,237.0,260.0,252.0,0
s0858.png 245.0,80.0,262.0,96.0,0
s0340.png 167.0,214.0,184.0,227.0,0
s0923.png 213.0,223.0,230.0,236.0,0
s0635.png 239.0,245.0,356.0,274.0,0
s0894.png 122.0,152.0,137.0,164.0,0
s0459.png 424.0,358.0,449.0,388.0,0
s0376.png 477.0,210.0,491.0,221.0,0
s0122.png 19.0,457.0,30.0,477.0,0
s0553.png 360.0,270.0,382.0,290.0,0
s0430.png 178.0,212.0,232.0,258.0,0
s0992.png 452.0,42.0,481.0,84.0,0
s0437.png 81.0,350.0,125.0,423.0,0
s0924.png 451.0,444.0,484.0,461.0,0
s0842.png 322.0,200.0,361.0,215.0,0
s0202.png 352.0,174.0,375.0,201.0,0
s0612.png 256.0,132.0,278.0,174.0,0
s0357.png 83.0,288.0,101.0,304.0,0
s0008.png 453.0,27.0,498.0,126.0,0
s0947.png 164.0,204.0,177.0,229.0,0
s0006.png 451.0,128.0,471.0,166.0,0
s0042.png 378.0,421.0,388.0,432.0,0
s0868.png 374.0,276.0,393.0,287.0,0
s0165.png 291.0,40.0,301.0,56.0,0
s0395.png 452.0,390.0,474.0,408.0,0
s0492.png 168.0,415.0,212.0,449.0,0
s0091.png 411.0,29.0,422.0,39.0,0
s0580.png 128.0,321.0,178.0,348.0,0
s0676.png 249.0,252.0,260.0,262.0,0
s0399.png 135.0,308.0,161.0,332.0,0
s0643.png 215.0,170.0,259.0,187.0,0
s0247.png 394.0,12.0,457.0,29.0,0
s0560.png 303.0,115.0,323.0,134.0,0
s0279.png 420.0,8.0,467.0,59.0,0
s0294.png 396.0,284.0,415.0,309.0,0
s0892.png 317.0,213.0,344.0,239.0,0
s0016.png 463.0,456.0,471.0,468.0,0
s0380.png 185.0,28.0,200.0,42.0,0
s0228.png 381.0,27.0,392.0,44.0,0
s0282.png 475.0,183.0,494.0,196.0,0
s0820.png 413.0,172.0,444.0,194.0,0
s0377.png 81.0,360.0,105.0,381.0,0
s0351.png 30.0,282.0,72.0,315.0,0
s0140.png 19.0,435.0,28.0,443.0,0
s0915.png 243.0,243.0,259.0,276.0,0
s0771.png 453.0,150.0,476.0,179.0,0
s0853.png 262.0,252.0,281.0,265.0,0
s0696.png 177.0,173.0,195.0,219.0,0
s1004.png 45.0,64.0,68.0,78.0,0
s0574.png 189.0,319.0,203.0,330.0,0
s0365.png 15.0,125.0,63.0,166.0,0
s0931.png 322.0,209.0,350.0,225.0,0
s0891.png 306.0,15.0,321.0,37.0,0
s0814.png 360.0,221.0,373.0,252.0,0
s0918.png 193.0,311.0,202.0,332.0,0
s0772.png 446.0,45.0,501.0,67.0,0
s1001.png 437.0,166.0,448.0,183.0,0
s0014.png 54.0,77.0,66.0,101.0,0
s0111.png 9.0,463.0,21.0,480.0,0
s0728.png 334.0,332.0,356.0,355.0,0
s0921.png 236.0,386.0,260.0,402.0,0
s0402.png 337.0,466.0,353.0,474.0,0
s0356.png 304.0,356.0,353.0,387.0,0
s0072.png 485.0,31.0,496.0,63.0,0
s0028.png 459.0,383.0,477.0,413.0,0
s0200.png 222.0,245.0,235.0,262.0,0
s0051.png 483.0,23.0,492.0,39.0,0
s0352.png 104.0,171.0,165.0,206.0,0
s0218.png 304.0,335.0,312.0,349.0,0
s0833.png 276.0,244.0,294.0,256.0,0
s0025.png 405.0,46.0,417.0,59.0,0
s0804.png 144.0,173.0,163.0,200.0,0
s0158.png 490.0,94.0,505.0,111.0,0
s1020.png 390.0,53.0,395.0,56.0,0
s0450.png 235.0,483.0,249.0,491.0,0
s0591.png 210.0,240.0,241.0,266.0,0
s0069.png 484.0,415.0,496.0,430.0,0
s0234.png 36.0,356.0,52.0,380.0,0
s0883.png 86.0,431.0,110.0,451.0,0
s0761.png 373.0,406.0,407.0,432.0,0
s0056.png 213.0,137.0,226.0,152.0,0
s0897.png 178.0,152.0,212.0,201.0,0
s0609.png 67.0,252.0,90.0,268.0,0
s0242.png 20.0,17.0,46.0,62.0,0
s0048.png 156.0,252.0,174.0,288.0,0
s0029.png 453.0,182.0,467.0,201.0,0
s0836.png 315.0,101.0,350.0,117.0,0
s0184.png 428.0,27.0,438.0,39.0,0
s0513.png 18.0,437.0,46.0,469.0,0
s0330.png 352.0,472.0,362.0,481.0,0
s0547.png 81.0,263.0,112.0,281.0,0
s0801.png 178.0,327.0,198.0,354.0,0
s0371.png 189.0,306.0,208.0,331.0,0
s0710.png 194.0,245.0,227.0,270.0,0
s0497.png 206.0,168.0,235.0,204.0,0
s0769.png 205.0,20.0,227.0,38.0,0
s0832.png 431.0,267.0,455.0,279.0,0
s0349.png 44.0,201.0,71.0,239.0,0
s0828.png 57.0,446.0,72.0,471.0,0
s0375.png 483.0,39.0,496.0,50.0,0
s0133.png 90.0,276.0,103.0,284.0,0
s0060.png 335.0,477.0,346.0,501.0,0
s0064.png 260.0,218.0,271.0,233.0,0
s0191.png 395.0,382.0,405.0,395.0,0
s0739.png 227.0,218.0,239.0,238.0,0
s0057.png 15.0,7.0,22.0,34.0,0
s0033.png 170.0,163.0,178.0,175.0,0
s0581.png 294.0,263.0,307.0,285.0,0
s0539.png 423.0,148.0,459.0,181.0,0
s1026.png 147.0,181.0,154.0,190.0,0
s0757.png 243.0,367.0,253.0,384.0,0
s0084.png 481.0,478.0,491.0,484.0,0
s0285.png 401.0,477.0,422.0,494.0,0
s0848.png 239.0,270.0,262.0,284.0,0
s0383.png 66.0,183.0,93.0,205.0,0
s0157.png 322.0,166.0,358.0,204.0,0
s0668.png 338.0,409.0,363.0,427.0,0
s0774.png 255.0,231.0,281.0,252.0,0
s0973.png 243.0,264.0,266.0,316.0,0
s0134.png 322.0,123.0,334.0,139.0,0
s0453.png 136.0,18.0,150.0,28.0,0
s0425.png 470.0,456.0,491.0,477.0,0
s0300.png 441.0,423.0,458.0,443.0,0
s0325.png 462.0,203.0,491.0,222.0,0
s0803.png 268.0,351.0,286.0,384.0,0
s0347.png 98.0,120.0,108.0,132.0,0
s0666.png 463.0,228.0,478.0,250.0,0
s0960.png 382.0,476.0,410.0,511.0,0
s0010.png 470.0,238.0,486.0,270.0,0
s0684.png 125.0,428.0,143.0,441.0,0
s0922.png 330.0,322.0,351.0,344.0,0
s0421.png 20.0,242.0,52.0,300.0,0
s0121.png 8.0,427.0,23.0,449.0,0
s0485.png 257.0,192.0,267.0,205.0,0
s1013.png 169.0,168.0,189.0,181.0,0
s0854.png 220.0,230.0,240.0,248.0,0
s0515.png 29.0,259.0,41.0,283.0,0
s0015.png 255.0,124.0,262.0,135.0,0
s0768.png 129.0,139.0,142.0,158.0,0
s0602.png 338.0,377.0,358.0,396.0,0
s0882.png 150.0,317.0,174.0,329.0,0
s0703.png 425.0,262.0,440.0,279.0,0
s0939.png 260.0,15.0,281.0,31.0,0
s0176.png 468.0,40.0,477.0,56.0,0
s0378.png 114.0,14.0,123.0,22.0,0
s0124.png 163.0,197.0,169.0,206.0,0
s0702.png 252.0,206.0,277.0,233.0,0
s0889.png 249.0,422.0,264.0,438.0,0
s0797.png 411.0,297.0,426.0,325.0,0
s0943.png 331.0,171.0,348.0,186.0,0
s0595.png 276.0,305.0,290.0,315.0,0
s0870.png 1.0,442.0,17.0,456.0,0
s0159.png 347.0,256.0,367.0,281.0,0
s0092.png 431.0,449.0,443.0,462.0,0
s0214.png 28.0,13.0,39.0,27.0,0
s0317.png 377.0,399.0,386.0,411.0,0
s0120.png 139.0,28.0,147.0,37.0,0
s0286.png 56.0,232.0,65.0,249.0,0
s0368.png 18.0,461.0,32.0,470.0,0
s0011.png 458.0,390.0,470.0,416.0,0
s0888.png 381.0,251.0,393.0,265.0,0
s0293.png 365.0,321.0,387.0,354.0,0
s0956.png 344.0,115.0,363.0,135.0,0
s0445.png 260.0,469.0,274.0,483.0,0
s0002.png 458.0,294.0,476.0,328.0,0
s0573.png 197.0,314.0,210.0,328.0,0
s0488.png 398.0,421.0,408.0,435.0,0
s0971.png 263.0,225.0,277.0,246.0,0
s0809.png 101.0,269.0,112.0,292.0,0
s1021.png 452.0,94.0,458.0,99.0,0
s0138.png 2.0,496.0,11.0,507.0,0
s0207.png 74.0,269.0,84.0,280.0,0
s0864.png 259.0,268.0,271.0,279.0,0
s0636.png 112.0,258.0,175.0,285.0,0
s0808.png 367.0,397.0,384.0,442.0,0
s0415.png 332.0,202.0,344.0,217.0,0
s0388.png 396.0,143.0,418.0,190.0,0
s0249.png 40.0,413.0,59.0,429.0,0
s0999.png 300.0,59.0,323.0,89.0,0
s0917.png 239.0,85.0,252.0,94.0,0
s0879.png 276.0,186.0,288.0,206.0,0
s0472.png 98.0,59.0,110.0,80.0,0
s0937.png 255.0,462.0,268.0,484.0,0
s0397.png 94.0,80.0,109.0,100.0,0
s0312.png 293.0,210.0,305.0,221.0,0
s0486.png 391.0,199.0,405.0,212.0,0
s0827.png 386.0,143.0,405.0,164.0,0
s0464.png 405.0,105.0,415.0,114.0,0
s0884.png 163.0,433.0,184.0,457.0,0
s0260.png 404.0,62.0,415.0,91.0,0
s0932.png 302.0,208.0,319.0,231.0,0
s0094.png 475.0,450.0,482.0,459.0,0
s0628.png 187.0,259.0,277.0,297.0,0
s0614.png 33.0,33.0,53.0,62.0,0
s0519.png 374.0,56.0,398.0,77.0,0
s0235.png 387.0,13.0,412.0,34.0,0
s0500.png 343.0,228.0,356.0,249.0,0
s0706.png 220.0,295.0,234.0,309.0,0
s0255.png 6.0,7.0,26.0,40.0,0
s0216.png 274.0,101.0,283.0,116.0,0
s0105.png 479.0,46.0,488.0,62.0,0
s0759.png 381.0,238.0,404.0,248.0,0
s0653.png 180.0,435.0,191.0,449.0,0
s0610.png 144.0,168.0,167.0,189.0,0
s0588.png 412.0,197.0,426.0,219.0,0
s0592.png 112.0,98.0,138.0,128.0,0
s0086.png 464.0,321.0,476.0,329.0,0
s0144.png 48.0,408.0,56.0,418.0,0
s0738.png 478.0,156.0,500.0,178.0,0
s0470.png 463.0,257.0,476.0,272.0,0
s0409.png 118.0,428.0,133.0,443.0,0
s0730.png 79.0,438.0,134.0,469.0,0
s0780.png 328.0,293.0,338.0,307.0,0
s0023.png 132.0,311.0,170.0,343.0,0
s0663.png 276.0,342.0,297.0,365.0,0
s0007.png 11.0,420.0,36.0,446.0,0
s0716.png 310.0,170.0,353.0,242.0,0
s0590.png 396.0,242.0,431.0,263.0,0
s0183.png 430.0,186.0,449.0,206.0,0
s0541.png 309.0,273.0,338.0,303.0,0
s0040.png 336.0,408.0,341.0,421.0,0
s0577.png 99.0,236.0,128.0,259.0,0
s0424.png 485.0,57.0,508.0,108.0,0
s0410.png 452.0,444.0,470.0,470.0,0
s0192.png 218.0,473.0,243.0,491.0,0
s0740.png 98.0,315.0,130.0,338.0,0
s0811.png 249.0,397.0,263.0,407.0,0
s0800.png 135.0,214.0,156.0,246.0,0
s0270.png 30.0,86.0,44.0,111.0,0
s0245.png 433.0,21.0,449.0,40.0,0
s0890.png 253.0,180.0,269.0,191.0,0
s0899.png 225.0,94.0,248.0,156.0,0
s0885.png 349.0,46.0,358.0,59.0,0
s0315.png 280.0,184.0,291.0,196.0,0
s0466.png 375.0,77.0,386.0,89.0,0
s0172.png 465.0,94.0,474.0,105.0,0
s0994.png 373.0,103.0,397.0,143.0,0
s0901.png 246.0,244.0,261.0,256.0,0
s0217.png 298.0,43.0,308.0,57.0,0
s0444.png 271.0,173.0,303.0,201.0,0
s0256.png 250.0,415.0,289.0,443.0,0
s0150.png 354.0,384.0,362.0,401.0,0
s0980.png 266.0,315.0,295.0,350.0,0
s0149.png 182.0,344.0,190.0,355.0,0
s0248.png 93.0,5.0,106.0,16.0,0
s0548.png 89.0,209.0,142.0,235.0,0
s0428.png 434.0,13.0,460.0,61.0,0
s1000.png 383.0,273.0,399.0,296.0,0
s0525.png 141.0,94.0,155.0,111.0,0
s1025.png 52.0,41.0,65.0,62.0,0
s0607.png 66.0,137.0,81.0,164.0,0
s0778.png 343.0,185.0,354.0,201.0,0
s0112.png 475.0,32.0,481.0,47.0,0
s0026.png 175.0,259.0,191.0,286.0,0
s1016.png 355.0,41.0,363.0,45.0,0
s0427.png 335.0,1.0,351.0,42.0,0
s0013.png 246.0,201.0,257.0,220.0,0
s0928.png 435.0,172.0,457.0,184.0,0
s0331.png 401.0,83.0,411.0,90.0,0
s0005.png 145.0,466.0,170.0,494.0,0
s0972.png 325.0,327.0,345.0,340.0,0
s0693.png 186.0,344.0,218.0,361.0,0
s0902.png 225.0,274.0,239.0,283.0,0
s0442.png 463.0,304.0,484.0,320.0,0
s0473.png 206.0,171.0,274.0,280.0,0
s0205.png 463.0,108.0,481.0,121.0,0
s0506.png 405.0,242.0,431.0,271.0,0
s0698.png 362.0,304.0,387.0,332.0,0
s0633.png 229.0,210.0,328.0,254.0,0
s0935.png 319.0,56.0,337.0,74.0,0
s0736.png 443.0,163.0,464.0,195.0,0
s0047.png 178.0,211.0,196.0,247.0,0
s0786.png 390.0,185.0,405.0,212.0,0
s0825.png 412.0,230.0,431.0,243.0,0
s0278.png 394.0,53.0,418.0,72.0,0
s0752.png 245.0,285.0,269.0,298.0,0
s0799.png 61.0,435.0,80.0,445.0,0
s0545.png 379.0,80.0,415.0,98.0,0
s0364.png 1.0,25.0,22.0,45.0,0
s0101.png 494.0,293.0,511.0,311.0,0
s0326.png 125.0,256.0,147.0,275.0,0
s0036.png 396.0,462.0,434.0,494.0,0
s0530.png 274.0,246.0,289.0,261.0,0
s0413.png 456.0,48.0,475.0,66.0,0
s0337.png 97.0,375.0,158.0,399.0,0
s0262.png 25.0,97.0,36.0,118.0,0
s0818.png 298.0,87.0,311.0,102.0,0
s0998.png 401.0,282.0,417.0,295.0,0
s0433.png 199.0,312.0,220.0,342.0,0
s1010.png 170.0,189.0,201.0,220.0,0
s0123.png 229.0,1.0,241.0,18.0,0
s0231.png 226.0,427.0,236.0,437.0,0
s0017.png 394.0,234.0,451.0,316.0,0
s0408.png 90.0,32.0,102.0,52.0,0
s0948.png 126.0,259.0,153.0,275.0,0
s0482.png 107.0,64.0,126.0,82.0,0
s0441.png 406.0,295.0,420.0,311.0,0
s0959.png 363.0,195.0,384.0,219.0,0
s0198.png 489.0,264.0,496.0,286.0,0
s0089.png 455.0,151.0,464.0,159.0,0
s0479.png 172.0,216.0,183.0,231.0,0
s0613.png 121.0,174.0,143.0,193.0,0
s0687.png 220.0,211.0,243.0,229.0,0
s0637.png 442.0,243.0,479.0,277.0,0
s0137.png 18.0,84.0,26.0,98.0,0
s0784.png 353.0,191.0,367.0,224.0,0
s0989.png 264.0,442.0,317.0,487.0,0
s0987.png 58.0,93.0,93.0,140.0,0
s0116.png 201.0,16.0,208.0,25.0,0
s0153.png 24.0,206.0,53.0,229.0,0
s0690.png 262.0,401.0,311.0,413.0,0
s0674.png 297.0,207.0,315.0,217.0,0
s0109.png 1.0,235.0,11.0,258.0,0
s0647.png 295.0,287.0,364.0,346.0,0
s0024.png 352.0,61.0,366.0,82.0,0
s0353.png 55.0,435.0,77.0,470.0,0
s0146.png 14.0,456.0,29.0,492.0,0
s0837.png 423.0,168.0,445.0,188.0,0
s0583.png 285.0,232.0,306.0,250.0,0
s0135.png 3.0,211.0,11.0,221.0,0
s0679.png 288.0,250.0,303.0,266.0,0
s0126.png 53.0,71.0,59.0,79.0,0
s0211.png 74.0,99.0,94.0,119.0,0
s0081.png 241.0,173.0,247.0,186.0,0
s0345.png 81.0,96.0,94.0,111.0,0
s0053.png 469.0,21.0,492.0,51.0,0
s0542.png 363.0,134.0,387.0,179.0,0
s0743.png 196.0,180.0,216.0,209.0,0
s0919.png 332.0,41.0,345.0,55.0,0
s0886.png 171.0,466.0,185.0,481.0,0
s0658.png 198.0,373.0,217.0,389.0,0
s0903.png 203.0,268.0,212.0,285.0,0
s0620.png 170.0,155.0,190.0,183.0,0
s0127.png 48.0,40.0,54.0,49.0,0
s0258.png 34.0,163.0,55.0,191.0,0
s0104.png 36.0,393.0,49.0,408.0,0
s0344.png 135.0,26.0,166.0,52.0,0
s0748.png 16.0,380.0,56.0,423.0,0
s0147.png 209.0,284.0,218.0,292.0,0
s0267.png 123.0,289.0,145.0,309.0,0
s0416.png 352.0,207.0,367.0,218.0,0
s0487.png 255.0,341.0,270.0,355.0,0
s0374.png 447.0,454.0,460.0,466.0,0
s0949.png 350.0,142.0,362.0,159.0,0
s0367.png 27.0,246.0,47.0,275.0,0
s0749.png 325.0,232.0,342.0,258.0,0
s0070.png 504.0,53.0,509.0,70.0,0
s0813.png 408.0,205.0,429.0,247.0,0
s0773.png 174.0,283.0,218.0,352.0,0
s0432.png 39.0,338.0,73.0,377.0,0
s0627.png 333.0,186.0,355.0,208.0,0
s0657.png 265.0,348.0,281.0,359.0,0
s0088.png 477.0,443.0,485.0,461.0,0
s0045.png 260.0,264.0,270.0,295.0,0
s0721.png 157.0,445.0,190.0,472.0,0
s0791.png 316.0,240.0,328.0,270.0,0
s0672.png 223.0,323.0,235.0,332.0,0
s0076.png 483.0,388.0,497.0,403.0,0
s0504.png 179.0,83.0,219.0,107.0,0
s0404.png 6.0,182.0,19.0,197.0,0
s0309.png 395.0,215.0,434.0,252.0,0
s0913.png 236.0,232.0,249.0,279.0,0
s0586.png 367.0,361.0,391.0,384.0,0
s0908.png 29.0,420.0,42.0,432.0,0
s0934.png 131.0,252.0,151.0,263.0,0
s0765.png 197.0,202.0,222.0,228.0,0
s0558.png 374.0,220.0,396.0,240.0,0
s0661.png 109.0,92.0,135.0,123.0,0
s0257.png 139.0,318.0,181.0,353.0,0
s0787.png 161.0,287.0,194.0,373.0,0
s0634.png 263.0,318.0,340.0,338.0,0
s0777.png 267.0,208.0,304.0,266.0,0
s0942.png 119.0,171.0,136.0,182.0,0
s0148.png 491.0,463.0,504.0,485.0,0
s0697.png 289.0,360.0,316.0,377.0,0
s0139.png 5.0,398.0,11.0,408.0,0
s0355.png 82.0,236.0,112.0,258.0,0
s0767.png 66.0,430.0,91.0,448.0,0
s0369.png 16.0,468.0,28.0,480.0,0
s0815.png 258.0,170.0,269.0,190.0,0
s0474.png 439.0,429.0,468.0,465.0,0
s0601.png 432.0,268.0,461.0,284.0,0
s0281.png 481.0,47.0,498.0,95.0,0
s0819.png 387.0,122.0,427.0,139.0,0
s0299.png 2.0,159.0,20.0,187.0,0
s0073.png 485.0,53.0,494.0,74.0,0
s0974.png 333.0,35.0,345.0,43.0,0
s0346.png 324.0,99.0,353.0,115.0,0
s0220.png 212.0,219.0,236.0,242.0,0
s0927.png 485.0,160.0,508.0,183.0,0
s0360.png 24.0,475.0,49.0,500.0,0
s0788.png 181.0,126.0,221.0,198.0,0
s0850.png 264.0,480.0,286.0,494.0,0
s0977.png 157.0,82.0,181.0,97.0,0
s0940.png 246.0,226.0,264.0,242.0,0
s0566.png 106.0,459.0,124.0,484.0,0
s0578.png 476.0,148.0,498.0,175.0,0
s0253.png 201.0,297.0,208.0,314.0,0
s0343.png 378.0,308.0,403.0,322.0,0
s0012.png 181.0,257.0,210.0,291.0,0
s0841.png 237.0,311.0,274.0,328.0,0
s0608.png 235.0,421.0,259.0,436.0,0
s0953.png 440.0,81.0,478.0,136.0,0
s0319.png 211.0,294.0,260.0,324.0,0
s0284.png 486.0,53.0,500.0,75.0,0
s0518.png 132.0,251.0,165.0,287.0,0
s0322.png 355.0,273.0,391.0,290.0,0
s0332.png 432.0,218.0,449.0,235.0,0
s0812.png 99.0,446.0,110.0,465.0,0
s0909.png 237.0,295.0,258.0,318.0,0
s0727.png 112.0,383.0,129.0,399.0,0
s0527.png 290.0,342.0,321.0,374.0,0
s0600.png 397.0,296.0,418.0,312.0,0
s0295.png 96.0,404.0,121.0,420.0,0
s0750.png 228.0,185.0,262.0,213.0,0
s0626.png 344.0,135.0,360.0,152.0,0
s0844.png 194.0,9.0,214.0,34.0,0
s0243.png 63.0,107.0,86.0,143.0,0
s0708.png 248.0,228.0,263.0,250.0,0
s0849.png 248.0,238.0,272.0,251.0,0
s0052.png 179.0,173.0,190.0,192.0,0
s0177.png 171.0,111.0,183.0,122.0,0
s0303.png 141.0,168.0,246.0,198.0,0
s0916.png 311.0,177.0,331.0,226.0,0
s0320.png 207.0,223.0,263.0,254.0,0
s0714.png 243.0,199.0,271.0,218.0,0
s0107.png 486.0,384.0,494.0,404.0,0
s0188.png 491.0,40.0,503.0,49.0,0
s0896.png 190.0,155.0,216.0,192.0,0
s0875.png 282.0,139.0,301.0,163.0,0
s0501.png 272.0,217.0,293.0,232.0,0
s0559.png 207.0,229.0,277.0,313.0,0
s0385.png 179.0,448.0,249.0,480.0,0
s0877.png 334.0,66.0,350.0,85.0,0
s0180.png 78.0,16.0,94.0,46.0,0
s0044.png 368.0,285.0,380.0,312.0,0
s0597.png 233.0,129.0,282.0,185.0,0
s0400.png 252.0,222.0,268.0,250.0,0
s0204.png 452.0,312.0,470.0,323.0,0
s0186.png 217.0,290.0,233.0,309.0,0
s0564.png 136.0,182.0,165.0,236.0,0
s0099.png 316.0,207.0,326.0,220.0,0
s0461.png 465.0,272.0,500.0,311.0,0
s0071.png 314.0,1.0,322.0,9.0,0
s1014.png 404.0,149.0,417.0,166.0,0
s0618.png 348.0,39.0,376.0,66.0,0
s0212.png 233.0,213.0,242.0,225.0,0
s1009.png 19.0,88.0,51.0,115.0,0
s0840.png 137.0,312.0,182.0,326.0,0
s0206.png 323.0,80.0,340.0,97.0,0
s0754.png 223.0,448.0,236.0,457.0,0
s0164.png 446.0,292.0,457.0,318.0,0
s0712.png 226.0,321.0,256.0,346.0,0
s0843.png 316.0,274.0,356.0,301.0,0
s0585.png 413.0,188.0,439.0,209.0,0
s0990.png 56.0,431.0,82.0,473.0,0
s1002.png 218.0,379.0,234.0,390.0,0
s0274.png 358.0,116.0,384.0,159.0,0
s0746.png 55.0,321.0,88.0,339.0,0
s0862.png 284.0,222.0,294.0,239.0,0
s0631.png 278.0,196.0,366.0,233.0,0
s0855.png 253.0,229.0,272.0,244.0,0
s0018.png 174.0,391.0,201.0,434.0,0
s0263.png 14.0,94.0,29.0,117.0,0
s0510.png 338.0,117.0,398.0,169.0,0
s0271.png 21.0,7.0,36.0,31.0,0
s0021.png 70.0,456.0,88.0,468.0,0
s0694.png 71.0,234.0,111.0,253.0,0
s1005.png 65.0,76.0,105.0,114.0,0
s0962.png 354.0,195.0,370.0,228.0,0
s0125.png 29.0,454.0,37.0,473.0,0
s0237.png 235.0,176.0,253.0,203.0,0
s0075.png 482.0,110.0,498.0,122.0,0
s0420.png 183.0,13.0,202.0,29.0,0
s0065.png 179.0,339.0,187.0,349.0,0
s0691.png 470.0,337.0,487.0,381.0,0
s0236.png 205.0,439.0,235.0,482.0,0
s0493.png 345.0,314.0,373.0,332.0,0
s0950.png 421.0,222.0,436.0,267.0,0
s0106.png 477.0,23.0,488.0,42.0,0
s0567.png 288.0,10.0,302.0,37.0,0
s0826.png 358.0,235.0,379.0,247.0,0
s0735.png 356.0,265.0,374.0,290.0,0
s0239.png 391.0,264.0,402.0,288.0,0
s0213.png 231.0,86.0,247.0,107.0,0
s0431.png 184.0,143.0,221.0,190.0,0
s0496.png 121.0,105.0,139.0,117.0,0
s0308.png 178.0,46.0,199.0,63.0,0
s0549.png 366.0,153.0,400.0,216.0,0
s0556.png 363.0,68.0,384.0,90.0,0
s0193.png 425.0,10.0,433.0,18.0,0
s0534.png 362.0,128.0,384.0,160.0,0
s0638.png 294.0,245.0,342.0,273.0,0
s0475.png 25.0,401.0,47.0,428.0,0
s0499.png 319.0,199.0,338.0,216.0,0
s0756.png 95.0,295.0,117.0,313.0,0
s0792.png 156.0,161.0,170.0,208.0,0
s0455.png 418.0,280.0,431.0,295.0,0
s0067.png 465.0,329.0,470.0,340.0,0
s0272.png 262.0,339.0,275.0,353.0,0
s0570.png 222.0,325.0,243.0,341.0,0
s0711.png 217.0,240.0,249.0,258.0,0
s0115.png 25.0,80.0,35.0,95.0,0
s0640.png 248.0,185.0,290.0,243.0,0
s0110.png 20.0,477.0,33.0,498.0,0
s0363.png 390.0,454.0,420.0,477.0,0
s0742.png 411.0,345.0,467.0,374.0,0
s0302.png 115.0,15.0,206.0,42.0,0
s0677.png 239.0,351.0,263.0,374.0,0
s0926.png 70.0,449.0,93.0,475.0,0
s0857.png 361.0,109.0,377.0,124.0,0
s0502.png 184.0,115.0,198.0,144.0,0
s0169.png 318.0,71.0,336.0,94.0,0
s0031.png 59.0,385.0,72.0,407.0,0
s0350.png 59.0,289.0,97.0,325.0,0
s0068.png 465.0,118.0,472.0,134.0,0
s0976.png 292.0,340.0,306.0,357.0,0
s0358.png 394.0,43.0,411.0,57.0,0
s0269.png 52.0,28.0,78.0,55.0,0
s0839.png 246.0,188.0,297.0,208.0,0
s0789.png 233.0,81.0,256.0,132.0,0
s0673.png 193.0,376.0,206.0,385.0,0
s0276.png 374.0,86.0,454.0,117.0,0
s0179.png 489.0,67.0,501.0,90.0,0
s0806.png 228.0,152.0,244.0,177.0,0
s0373.png 456.0,472.0,485.0,489.0,0
s0261.png 42.0,31.0,54.0,46.0,0
s0498.png 309.0,203.0,347.0,229.0,0
s0775.png 335.0,144.0,372.0,171.0,0
s0173.png 301.0,44.0,315.0,59.0,0
s0509.png 92.0,219.0,110.0,255.0,0
s0707.png 323.0,248.0,336.0,278.0,0
s0170.png 439.0,193.0,446.0,199.0,0
s0563.png 12.0,8.0,84.0,46.0,0
s0229.png 365.0,1.0,378.0,35.0,0
s0381.png 203.0,17.0,218.0,30.0,0
s0584.png 231.0,328.0,244.0,340.0,0
s0201.png 22.0,170.0,31.0,183.0,0
s0670.png 200.0,268.0,231.0,282.0,0
s0793.png 295.0,282.0,314.0,294.0,0
s0641.png 323.0,331.0,369.0,372.0,0
s0451.png 243.0,469.0,256.0,480.0,0
s0259.png 60.0,201.0,80.0,224.0,0
s0860.png 301.0,324.0,313.0,338.0,0
s1022.png 171.0,165.0,178.0,176.0,0
s0480.png 250.0,101.0,261.0,113.0,0
s0906.png 377.0,143.0,398.0,163.0,0
s0418.png 229.0,242.0,239.0,252.0,0
s0082.png 232.0,115.0,247.0,138.0,0
s0225.png 470.0,129.0,481.0,139.0,0
s0265.png 39.0,8.0,49.0,31.0,0
s0866.png 240.0,269.0,254.0,283.0,0
s0061.png 22.0,166.0,35.0,184.0,0
s0861.png 201.0,390.0,221.0,404.0,0
s0871.png 408.0,334.0,429.0,348.0,0
s0598.png 273.0,281.0,345.0,313.0,0
s0037.png 353.0,32.0,372.0,59.0,0
s0321.png 309.0,331.0,337.0,344.0,0
s0785.png 296.0,268.0,320.0,314.0,0
s0196.png 474.0,211.0,491.0,236.0,0
s0930.png 175.0,464.0,195.0,485.0,0
s0689.png 318.0,332.0,367.0,358.0,0
s0912.png 238.0,293.0,259.0,309.0,0
s0831.png 372.0,356.0,394.0,375.0,0
s0599.png 201.0,156.0,230.0,172.0,0
s0781.png 125.0,401.0,135.0,413.0,0
s0449.png 259.0,299.0,281.0,320.0,0
s0233.png 157.0,91.0,177.0,111.0,0
s0732.png 226.0,401.0,272.0,431.0,0
s0524.png 218.0,121.0,232.0,135.0,0
s0770.png 414.0,210.0,435.0,234.0,0
s0683.png 301.0,467.0,324.0,483.0,0
s0664.png 147.0,277.0,162.0,301.0,0
s0723.png 286.0,111.0,330.0,132.0,0
s0102.png 419.0,234.0,434.0,251.0,0
s0079.png 67.0,116.0,82.0,131.0,0
s0550.png 285.0,73.0,313.0,94.0,0
s0171.png 481.0,356.0,490.0,368.0,0
s0287.png 1.0,229.0,12.0,247.0,0
s0327.png 214.0,160.0,224.0,169.0,0
s0452.png 146.0,18.0,177.0,33.0,0
s0495.png 340.0,35.0,355.0,47.0,0
s0241.png 179.0,194.0,211.0,252.0,0
s0039.png 434.0,342.0,463.0,391.0,0
s0334.png 191.0,107.0,234.0,132.0,0
s0669.png 238.0,204.0,258.0,227.0,0
s0491.png 256.0,101.0,279.0,126.0,0
s0731.png 396.0,165.0,408.0,183.0,0
s0863.png 232.0,154.0,250.0,167.0,0
s0790.png 244.0,309.0,277.0,360.0,0
s0763.png 386.0,128.0,411.0,162.0,0
s0650.png 472.0,380.0,489.0,401.0,0
s0489.png 124.0,313.0,139.0,328.0,0
s0619.png 244.0,351.0,269.0,374.0,0
s0038.png 176.0,114.0,192.0,128.0,0
s0314.png 198.0,28.0,205.0,38.0,0
s0529.png 378.0,31.0,484.0,235.0,0
s0630.png 235.0,171.0,304.0,210.0,0
s0851.png 299.0,217.0,323.0,230.0,0
s0552.png 197.0,31.0,229.0,54.0,0
s0390.png 481.0,165.0,494.0,175.0,0
s0131.png 130.0,65.0,136.0,73.0,0
s0859.png 296.0,230.0,316.0,242.0,0
s0307.png 331.0,301.0,346.0,325.0,0
s0032.png 269.0,235.0,283.0,253.0,0
s0741.png 125.0,338.0,174.0,388.0,0
s0490.png 435.0,150.0,447.0,166.0,0
s0733.png 472.0,177.0,484.0,195.0,0
s0160.png 394.0,35.0,407.0,47.0,0
s0660.png 355.0,261.0,380.0,295.0,0
s0995.png 174.0,96.0,187.0,112.0,0
s0982.png 194.0,359.0,215.0,370.0,0
s0175.png 464.0,56.0,482.0,78.0,0
s0604.png 63.0,125.0,87.0,162.0,0
s0467.png 441.0,177.0,453.0,190.0,0
s0507.png 168.0,238.0,187.0,252.0,0
s0275.png 470.0,394.0,497.0,424.0,0
s1015.png 107.0,129.0,118.0,143.0,0
s0887.png 238.0,243.0,252.0,258.0,0
s0654.png 188.0,297.0,205.0,311.0,0
s0681.png 257.0,471.0,273.0,486.0,0
s0729.png 27.0,124.0,73.0,144.0,0
s0512.png 80.0,465.0,101.0,492.0,0
s0097.png 484.0,87.0,490.0,100.0,0
s0596.png 278.0,132.0,364.0,197.0,0
s0656.png 65.0,114.0,97.0,132.0,0
s0688.png 156.0,262.0,181.0,276.0,0
s0199.png 341.0,184.0,356.0,195.0,0
s0701.png 270.0,216.0,293.0,235.0,0
s0709.png 223.0,213.0,270.0,249.0,0
s0311.png 361.0,203.0,377.0,220.0,0
s0796.png 297.0,215.0,311.0,226.0,0
s0762.png 237.0,307.0,260.0,326.0,0
s0046.png 48.0,432.0,65.0,465.0,0
s0810.png 281.0,241.0,293.0,282.0,0
s0624.png 115.0,111.0,139.0,125.0,0
s0846.png 225.0,415.0,243.0,425.0,0
s0900.png 298.0,211.0,313.0,228.0,0
s0893.png 410.0,406.0,424.0,421.0,0
s0041.png 280.0,149.0,299.0,166.0,0
s0606.png 259.0,362.0,271.0,373.0,0
s0055.png 125.0,334.0,146.0,363.0,0
s0306.png 465.0,66.0,480.0,75.0,0
s0145.png 16.0,140.0,33.0,154.0,0
s0049.png 144.0,216.0,158.0,235.0,0
s0503.png 333.0,198.0,374.0,229.0,0
s0468.png 13.0,25.0,25.0,47.0,0
s0435.png 290.0,194.0,312.0,214.0,0
s0209.png 249.0,245.0,260.0,260.0,0
s0250.png 416.0,338.0,427.0,352.0,0
s0562.png 315.0,435.0,356.0,485.0,0
s0760.png 356.0,231.0,380.0,260.0,0
s0386.png 97.0,237.0,109.0,250.0,0
s0865.png 419.0,291.0,431.0,312.0,0
s0178.png 3.0,76.0,15.0,93.0,0
s0835.png 245.0,190.0,273.0,263.0,0
s0829.png 417.0,422.0,435.0,440.0,0
s0301.png 451.0,449.0,467.0,465.0,0
s0686.png 349.0,430.0,363.0,439.0,0
s1003.png 483.0,294.0,499.0,306.0,0
s0030.png 470.0,23.0,490.0,63.0,0
s0405.png 483.0,39.0,496.0,52.0,0
s0401.png 335.0,383.0,345.0,404.0,0
s0078.png 486.0,118.0,497.0,139.0,0
s0440.png 272.0,252.0,284.0,263.0,0
s0662.png 50.0,108.0,67.0,129.0,0
s0747.png 173.0,187.0,187.0,212.0,0
s0531.png 44.0,382.0,76.0,401.0,0
s0737.png 358.0,266.0,388.0,296.0,0
s0936.png 186.0,152.0,223.0,177.0,0
s0645.png 321.0,206.0,339.0,219.0,0
s0692.png 263.0,174.0,319.0,195.0,0
s0429.png 143.0,246.0,180.0,285.0,0
s0119.png 277.0,261.0,283.0,268.0,0
s0593.png 372.0,368.0,392.0,414.0,0
s1011.png 347.0,34.0,360.0,51.0,0
s0722.png 445.0,75.0,470.0,88.0,0
s0621.png 405.0,363.0,439.0,411.0,0
s0955.png 377.0,343.0,409.0,372.0,0
s0142.png 42.0,494.0,52.0,501.0,0
s0544.png 352.0,374.0,373.0,390.0,0
s0292.png 143.0,460.0,166.0,487.0,0
s0155.png 441.0,49.0,455.0,68.0,0
s0794.png 218.0,283.0,232.0,293.0,0
s0611.png 205.0,184.0,221.0,206.0,0
s0062.png 205.0,418.0,215.0,435.0,0
s0538.png 246.0,238.0,284.0,266.0,0
s0678.png 187.0,351.0,208.0,367.0,0
s0289.png 463.0,38.0,491.0,56.0,0
s0074.png 364.0,371.0,382.0,384.0,0
s0141.png 8.0,496.0,16.0,504.0,0
s0572.png 319.0,301.0,332.0,322.0,0
s0603.png 164.0,334.0,195.0,355.0,0
s0003.png 434.0,272.0,449.0,313.0,0
s0130.png 98.0,146.0,105.0,155.0,0
s0438.png 275.0,300.0,287.0,316.0,0
s0805.png 225.0,65.0,250.0,106.0,0
s0077.png 467.0,452.0,485.0,468.0,0
s0454.png 170.0,203.0,188.0,220.0,0
s0532.png 391.0,418.0,429.0,442.0,0
s1024.png 190.0,192.0,195.0,202.0,0
s0615.png 143.0,290.0,173.0,338.0,0
s0494.png 352.0,478.0,370.0,493.0,0
s0465.png 421.0,33.0,429.0,41.0,0
s0872.png 406.0,337.0,422.0,356.0,0
s0132.png 191.0,168.0,202.0,176.0,0
s0477.png 100.0,70.0,130.0,88.0,0
s0054.png 446.0,35.0,484.0,77.0,0
s0396.png 423.0,397.0,438.0,412.0,0
s0087.png 394.0,39.0,403.0,48.0,0
s0649.png 420.0,67.0,437.0,89.0,0
s0847.png 245.0,216.0,271.0,229.0,0
s0446.png 29.0,78.0,85.0,127.0,0
s0232.png 289.0,309.0,298.0,332.0,0
s0830.png 306.0,379.0,322.0,399.0,0
s0807.png 457.0,39.0,503.0,58.0,0
s0095.png 484.0,402.0,489.0,413.0,0
s0751.png 187.0,127.0,215.0,168.0,0
s0834.png 250.0,328.0,275.0,348.0,0
s0407.png 150.0,265.0,168.0,279.0,0
s0447.png 194.0,211.0,249.0,257.0,0
s0867.png 214.0,323.0,243.0,341.0,0
